#SN_ID	#survey_ID	#sn_z	#sn_z_err	#MU_SH0ES
2011fe	51	0.00122	0.00084	1.51645
2011fe	56	0.00122	0.00084	1.51747
2012cg	51	0.00256	0.00084	0.782372
2012cg	56	0.00256	0.00084	0.799068
1994DRichmond	50	0.00299	0.00084	0.881212
1981B	50	0.00317	0.00084	0.614535
2013aa	56	0.00331	0.00085	0.594683
2013aa	5	0.00331	0.00085	0.580251
2017cbv	5	0.00331	0.00085	0.578445
2017cbv	18	0.00331	0.00085	0.578546
2001el	50	0.00333	0.00084	0.591006
2011by	51	0.00349	0.00084	0.55272
1998aq	50	0.00349	0.00084	0.545492
1990N	50	0.00359	0.00084	0.550993
2021pit	56	0.00384	0.00084	0.566505
2005df	50	0.00407	0.00084	0.476404
2005df_ANU	50	0.00407	0.00084	0.479276
2013dy	51	0.00432	0.00084	0.514259
2013dy	56	0.00432	0.00084	0.530838
2012ht	56	0.00465	0.00084	0.442017
2012ht	5	0.00465	0.00084	0.420403
1980N	50	0.00482	0.00084	0.558603
2012fr	56	0.00483	0.00085	0.446882
2007on	5	0.00483	0.00085	0.564724
2012fr	5	0.00483	0.00085	0.410577
1992A	50	0.00483	0.00085	0.562589
2007on	56	0.00483	0.00085	0.574442
2015F	56	0.00488	0.00084	0.448264
2015F	5	0.00488	0.00084	0.407028
2011B	56	0.00538	0.00084	0.514401
2018aoz	51	0.00548	0.00085	0.501431
2016coj	51	0.0057	0.00084	0.469628
SN2016coj	150	0.0057	0.00084	0.483668
2007sr	57	0.00571	0.00084	0.375913
2007sr	64	0.00571	0.00084	0.385756
2007gi	50	0.00587	0.00084	0.491367
1994ae	61	0.00588	0.00084	0.339643
2015bp	56	0.00592	0.00084	0.487055
2018gv	18	0.00602	0.00085	0.344335
2018gv	51	0.00602	0.00085	0.343707
2018gv	150	0.00602	0.00085	0.350249
1981D	50	0.00616	0.00084	0.524992
2006dd	50	0.00616	0.00084	0.452235
2007af	57	0.00625	0.00084	0.32593
2007af	56	0.00625	0.00084	0.36156
2007af	5	0.00625	0.00084	0.322811
2007af	64	0.00625	0.00084	0.339166
2007le	57	0.0063	0.00084	0.533991
2007le	5	0.0063	0.00084	0.537335
2007le	65	0.0063	0.00084	0.538159
1998dm	57	0.00631	0.00085	0.562902
2014bv	56	0.00634	0.00085	0.482567
2019np	18	0.00648	0.00084	0.318474
2019np	150	0.00648	0.00084	0.32229
1997br	62	0.00665	0.00085	0.531169
2011iv	5	0.00668	0.00085	0.420706
1995al	61	0.00673	0.00084	0.359446
1996X	61	0.00676	0.00085	0.415464
2017erp	51	0.00677	0.00085	0.34053
2017erp	150	0.00677	0.00085	0.371125
2017erp	18	0.00677	0.00085	0.34795
1992G	50	0.00692	0.00084	0.439634
2005cf	57	0.0071	0.00084	0.325586
2005cf	56	0.0071	0.00084	0.348317
2005cf	64	0.0071	0.00084	0.322655
2002fk	63	0.00719	0.00085	0.300309
2002fk	57	0.00719	0.00085	0.300269
2003du	57	0.00747	0.00084	0.289134
2003du	63	0.00747	0.00084	0.294759
2003du	50	0.00747	0.00084	0.292411
2008Q	57	0.0075	0.00084	0.373843
2008Q	56	0.0075	0.00084	0.396652
2003kf	63	0.00795	0.00084	0.362719
1998dh	57	0.00814	0.00084	0.317031
1998dh	62	0.00814	0.00084	0.317457
2012hr	56	0.00814	0.00084	0.367554
2009ig	56	0.00815	0.00084	0.371926
2009ig	51	0.00815	0.00084	0.280148
2009ig	66	0.00815	0.00084	0.286975
1996Z	61	0.00817	0.00085	0.490787
1995D	61	0.00818	0.00084	0.342662
1991M	50	0.00821	0.00084	0.462834
2013gh	51	0.00838	0.00085	0.465611
2013gh	56	0.00838	0.00085	0.484865
2001bg	57	0.00855	0.00084	0.359218
2005W	5	0.00855	0.00084	0.318032
ASASSN-15so	150	0.00857	0.00084	0.26758
PSNJ0717457	150	0.00861	0.00084	0.383433
2005am	57	0.00863	0.00085	0.338325
2005am	5	0.00863	0.00085	0.331296
2005am	64	0.00863	0.00085	0.337879
1997bp	62	0.00864	0.00085	0.425219
2019ein	50	0.00883	0.00084	0.327035
2002er	57	0.00906	0.00084	0.368859
2002er	50	0.00906	0.00084	0.409525
2006D	57	0.00925	0.00084	0.286425
2006D	5	0.00925	0.00084	0.282867
2006D	64	0.00925	0.00084	0.285505
2013cs	56	0.00935	0.00084	0.401367
1999cp	57	0.00954	0.00086	0.268981
1999cp	50	0.00954	0.00086	0.253629
2002cr	57	0.00954	0.00086	0.251906
2002cr	63	0.00954	0.00086	0.254885
2002dj	57	0.00957	0.00087	0.309548
2002dj	63	0.00957	0.00087	0.334488
1998es	62	0.00966	0.00086	0.35789
1998es	57	0.00966	0.00086	0.372831
PTF10icb	56	0.00993	0.00084	0.372879
2009Y	56	0.00996	0.00086	0.409088
2009Y	5	0.00996	0.00086	0.360296
2009Y	65	0.00996	0.00086	0.334006
2013E	56	0.01016	0.00085	0.348547
1999ac	57	0.01017	0.00084	0.365223
1999ac	62	0.01017	0.00084	0.341878
2009an	51	0.01026	0.00084	0.306294
2009an	65	0.01026	0.00084	0.299086
2006bh	5	0.01028	0.00086	0.247952
2004S	57	0.01042	0.00084	0.317227
2021hpr	57	0.01044	0.00084	0.343916
2002dp	63	0.01061	0.00084	0.309009
2002dp	57	0.01061	0.00084	0.27457
1997do	62	0.01073	0.00084	0.364668
1997bq	62	0.01079	0.00084	0.324016
2008fv_comb	50	0.01079	0.00084	0.377969
ASASSN-16jf	150	0.01096	0.00084	0.314858
iPTF13ebh	56	0.01114	0.00085	0.342487
iPTF13ebh	5	0.01114	0.00085	0.29522
2010ko	56	0.01122	0.00084	0.353909
2013ex	51	0.01122	0.00084	0.283424
2013ex	56	0.01122	0.00084	0.325172
2009ab	5	0.01155	0.00085	0.281169
2011ao	56	0.01195	0.00084	0.301502
2001cz	50	0.01213	0.00086	0.346381
2009kk	66	0.0122	0.00086	0.266666
2010Y	66	0.01233	0.00084	0.254135
2008R	5	0.01246	0.00086	0.265115
2002ha	57	0.01258	0.00085	0.24076
2002ha	63	0.01258	0.00085	0.250097
2009kq	51	0.01259	0.00086	0.26006
2009kq	66	0.01259	0.00086	0.26619
2001bt	50	0.01279	0.00086	0.416658
2001ep	57	0.01283	0.00086	0.287379
2001ep	63	0.01283	0.00086	0.331124
2013gy	51	0.01303	0.00085	0.239783
2013gy	56	0.01303	0.00085	0.28722
AT2017cfd	150	0.01304	0.00086	0.292564
2017cfd	51	0.01304	0.00086	0.284786
1999dq	57	0.01312	0.00085	0.273536
1999dq	62	0.01312	0.00085	0.261601
2007hj	57	0.01325	0.00085	0.303693
2007hj	5	0.01325	0.00085	0.299399
2007hj	65	0.01325	0.00085	0.304606
2008hv	56	0.01375	0.00085	0.277855
2008hv	5	0.01375	0.00085	0.232778
2008hv	65	0.01375	0.00085	0.235755
1997E	62	0.01376	0.00085	0.288791
2007cv	56	0.01386	0.00086	0.345367
1992al	50	0.01388	0.00085	0.233531
1999dk	50	0.01389	0.00085	0.288803
1999dk	57	0.01389	0.00085	0.296207
ASASSN-16dn	150	0.01411	0.00085	0.250873
ASASSN-16la	150	0.01424	0.00085	0.265489
2005kc	5	0.01442	0.00085	0.307194
2005kc	64	0.01442	0.00085	0.352338
2007ca	57	0.01442	0.00085	0.370715
2007ca	5	0.01442	0.00085	0.396908
2007ca	64	0.01442	0.00085	0.397235
2006N	64	0.01446	0.00085	0.240515
2006td	64	0.0145	0.00085	0.365029
2013gq	51	0.01453	0.00085	0.2163
2004eo	5	0.0146	0.00085	0.249316
2003gt	57	0.01462	0.00085	0.243928
2005bo	5	0.01463	0.00085	0.390506
2005bo	57	0.01463	0.00085	0.39282
2001fe	63	0.01467	0.00085	0.240694
2013fa	51	0.01472	0.00085	0.397352
2000dm	57	0.01484	0.00085	0.270222
PSNJ2043531	150	0.01492	0.00085	0.372674
2011df	51	0.01493	0.00085	0.277558
2005el	57	0.01499	0.00086	0.229564
2005el	64	0.01499	0.00086	0.231708
2001cn	50	0.01515	0.00086	0.294985
2005de	57	0.01519	0.00085	0.26677
SN2017jl	150	0.01525	0.00096	0.30219
ASASSN-16ad	150	0.01529	0.00085	0.344305
ATLAS16cxr	150	0.01542	0.00131	0.372888
iPTF16auf	150	0.01543	0.00085	0.314862
2008bc	5	0.01546	0.00086	0.226465
2011im	56	0.01549	0.00085	0.34036
1999ej	57	0.0155	0.00085	0.272528
1999ej	62	0.0155	0.00085	0.258071
2001en	57	0.0155	0.00085	0.28632
2001en	63	0.0155	0.00085	0.313932
2001V	63	0.01557	0.00124	0.290577
2001V	50	0.01557	0.00124	0.290395
2008ec	57	0.01562	0.00085	0.264363
2008ec	56	0.01562	0.00085	0.33431
2008eo	51	0.01565	0.00092	0.278713
2009nq	66	0.01576	0.00085	0.28688
2005al	5	0.01578	0.00085	0.219937
2013hn	56	0.01578	0.00085	0.290382
2001bf	57	0.01581	0.00086	0.239289
2001bf	63	0.01581	0.00086	0.218994
ASASSN-15oh	150	0.01587	0.00085	0.270341
1994S	61	0.01588	0.00085	0.224824
1999aa	57	0.0159	0.00085	0.242893
1999aa	62	0.0159	0.00085	0.209471
2002cs	57	0.0159	0.00085	0.272511
iPTF14bdn	56	0.01603	0.00085	0.281582
2007ss	65	0.01652	0.00085	0.34637
2010kg	56	0.01652	0.00085	0.334729
2013fw	51	0.01656	0.00085	0.218117
2013Q	56	0.01657	0.00085	0.41528
iPTF13dge	56	0.01662	0.00085	0.261916
2007fs	51	0.01666	0.00086	0.198023
SN2016gfr	150	0.01671	0.00086	0.245383
ASASSN-16ip	150	0.01678	0.00085	0.246475
2007A	5	0.01682	0.00085	0.358327
2007A	65	0.01682	0.00085	0.341619
PSNJ0107203	150	0.01682	0.00085	0.284408
1998ef	57	0.0169	0.00085	0.289311
1998ef	62	0.0169	0.00085	0.264562
ASASSN-15ti	150	0.01692	0.00085	0.310314
ASASSN-15od	150	0.01698	0.00085	0.228387
1996bv	61	0.01699	0.00085	0.297815
1997Y	62	0.01705	0.00085	0.214463
2001da	57	0.01718	0.00085	0.308995
2001da	63	0.01718	0.00085	0.325329
ASASSN-15kx	150	0.0172	0.00085	0.219814
2000dk	57	0.0173	0.00085	0.28269
2000dk	62	0.0173	0.00085	0.257136
2007fb	51	0.01733	0.00085	0.221698
2007fb	65	0.01733	0.00085	0.231239
2006ef	57	0.01734	0.00085	0.220285
2008C	5	0.01737	0.00085	0.263557
2008C	65	0.01737	0.00085	0.262425
2004fz	57	0.01743	0.00085	0.330633
2006ax	64	0.01747	0.00086	0.200241
2006ax	5	0.01747	0.00086	0.19782
1998V	62	0.01752	0.00085	0.231417
2013gs	56	0.01776	0.00085	0.320412
2008L	57	0.01778	0.00085	0.210115
2008L	64	0.01778	0.00085	0.213428
2009le	5	0.01784	0.00085	0.246602
2009le	66	0.01784	0.00085	0.22287
2000dr	57	0.0179	0.00086	0.318912
2007as	5	0.01802	0.00097	0.234211
1992bo	50	0.01808	0.00086	0.20147
2010ai	66	0.01826	0.00085	0.21848
ASASSN-17co	150	0.01826	0.00086	0.280568
PS15coh	150	0.01839	0.00085	0.226901
2009gf	65	0.01855	0.00085	0.255362
2009gf	56	0.01855	0.00085	0.296243
2016ffh	51	0.01865	0.00085	0.238984
ATLAS16cpu	150	0.01865	0.00085	0.239989
2000cu	57	0.01866	0.00086	0.277471
2011fs	51	0.01875	0.00085	0.215514
2011fs	56	0.01875	0.00085	0.321023
ASASSN-16cs	150	0.01905	0.00085	0.281407
2006kf	5	0.01947	0.00085	0.195403
2006kf	64	0.01947	0.00085	0.195531
2008hs	56	0.01975	0.00085	0.466611
2008hs	65	0.01975	0.00085	0.433516
2007au	57	0.01976	0.00085	0.406241
2016W	150	0.01995	0.00085	0.295725
2002kf	63	0.02001	0.00085	0.204275
1992bc	50	0.02006	0.00086	0.199486
2009ds	5	0.02019	0.00086	0.233893
2009ds	65	0.02019	0.00086	0.19246
2006ej	57	0.02023	0.00085	0.188309
2006ej	56	0.02023	0.00085	0.295566
2006ej	5	0.02023	0.00085	0.189903
2006ej	64	0.02023	0.00085	0.187832
2002jy	63	0.02024	0.00085	0.187715
2016hpw	18	0.02034	0.00087	0.241825
ATLAS16dqf	150	0.02034	0.00087	0.375822
2005ki	64	0.02035	0.00085	0.187708
2005ki	5	0.02035	0.00085	0.177716
2005ki	51	0.02035	0.00085	0.19075
ASASSN-15lg	150	0.02044	0.00085	0.214591
2001dl	57	0.02049	0.00085	0.375783
PSNJ1602512	150	0.02052	0.00086	0.333904
2007st	5	0.02056	0.00085	0.217156
ASASSN-17bs	150	0.02056	0.00085	0.249505
2010A	66	0.02081	0.00085	0.330445
2003W	57	0.02082	0.00085	0.230899
2003W	63	0.02082	0.00085	0.254511
2001br	57	0.0209	0.00087	0.300223
ASASSN-16lc	18	0.02096	0.00086	0.216494
AT2016eoa	150	0.02106	0.00085	0.230687
ASASSN-16lg	150	0.02116	0.00086	0.203089
2004bw	57	0.02116	0.00087	0.196425
2008Z	57	0.02118	0.00085	0.310686
2008Z	65	0.02118	0.00085	0.304103
2007bc	57	0.02131	0.00085	0.180584
2007bc	5	0.02131	0.00085	0.177177
2007bc	64	0.02131	0.00085	0.187753
SN2016ajf	150	0.02134	0.00085	0.339971
2009dc	5	0.02137	0.00085	0.19901
2018fop	18	0.02151	0.00086	0.199177
ASASSN-15uv	150	0.02153	0.00085	0.393324
ASASSN-18da	18	0.0217	0.00086	0.195863
2006et	64	0.02183	0.00086	0.283448
2006et	5	0.02183	0.00086	0.253646
1999dg	57	0.02197	0.00086	0.246447
2001cp	57	0.02198	0.00085	0.216973
1995ak	61	0.02203	0.00085	0.247785
2009na	66	0.02205	0.00085	0.199095
ASASSN-18iu	18	0.02207	0.00086	0.186029
ATLAS16dpb	150	0.02215	0.00085	0.288632
SNF20080514-002	57	0.02219	0.00085	0.216159
2006dm	57	0.02228	0.00087	0.18018
2006dm	56	0.02228	0.00087	0.25811
2008ia	5	0.02231	0.00086	0.169837
2004bg	57	0.02234	0.00085	0.199004
2004bg	63	0.02234	0.00085	0.204479
2002cu	57	0.02236	0.00085	0.224663
2006cp	64	0.02239	0.00085	0.302654
2006cp	57	0.02239	0.00085	0.24312
2000fa	57	0.0224	0.00085	0.288719
2000fa	62	0.0224	0.00085	0.25527
ASASSN-16bn	18	0.02241	0.00086	0.214526
ASASSN-17aj	150	0.02255	0.00086	0.243141
AT2017cfb	150	0.02266	0.00085	0.220547
2006bq	64	0.0227	0.00086	0.2033
2002ef	57	0.02273	0.00087	0.358325
2010cr	56	0.02295	0.00085	0.304874
ASASSN-15il	150	0.02295	0.00087	0.20127
2000cn	57	0.02298	0.00085	0.267367
2000cn	62	0.02298	0.00085	0.237284
2017hoq	18	0.02303	0.00086	0.19074
2009jb	56	0.02307	0.00086	0.340338
2014ai	51	0.02313	0.00085	0.271221
ASASSN-14fa	56	0.02316	0.00087	0.27497
2004at	57	0.02321	0.00085	0.178524
PS15cku	150	0.02325	0.00086	0.229702
2007ci	57	0.02331	0.00085	0.266962
2007ci	64	0.02331	0.00085	0.279423
2009al	51	0.02342	0.00087	0.282579
2009al	5	0.02342	0.00087	0.221692
2009al	65	0.02342	0.00087	0.225403
2009cz	56	0.02343	0.00085	0.260273
2009cz	5	0.02343	0.00085	0.170636
ASASSN-15nr	150	0.02344	0.00087	0.263771
2004bk	57	0.02352	0.00085	0.21588
2018enc	18	0.02354	0.00086	0.217718
2007qe	57	0.02357	0.00085	0.206572
2007qe	64	0.02357	0.00085	0.259128
ATLAS17bas	150	0.02357	0.00085	0.261746
ASASSN-15tz	150	0.02365	0.00085	0.274039
2010ao	51	0.02369	0.00085	0.2098
2006sr	64	0.02388	0.00085	0.180801
ASASSN-15jt	150	0.0239	0.00085	0.403697
ASASSN-16em	150	0.0239	0.00086	0.277383
2000ca	50	0.02391	0.00088	0.190331
1998eg	62	0.02401	0.00085	0.195014
PS1-14xw	56	0.02411	0.00085	0.31033
2010gp	56	0.02411	0.00085	0.398476
2000bh	50	0.02412	0.00087	0.224067
2007F	51	0.02417	0.00085	0.208286
2007F	64	0.02417	0.00085	0.183555
1993H	50	0.02428	0.00086	0.232251
AT2016bln	150	0.02429	0.00085	0.195416
2006ac	57	0.02432	0.00085	0.184147
2006ac	64	0.02432	0.00085	0.198064
ASASSN-15sf	150	0.02432	0.00131	0.235205
2005bg	5	0.02434	0.00085	0.201948
2009D	5	0.02453	0.00086	0.162015
2009D	51	0.02453	0.00086	0.209952
2009D	65	0.02453	0.00086	0.170871
PS16ccn	150	0.02457	0.00087	0.189112
2008bf	57	0.02462	0.00131	0.235556
2008bf	5	0.02462	0.00131	0.231261
2008bf	64	0.02462	0.00131	0.233972
1994M	61	0.02464	0.00085	0.213795
2004br	57	0.02464	0.00085	0.18246
ASASSN-16hz	150	0.02466	0.00087	0.317595
2003he	57	0.02491	0.00087	0.240547
2001cj	57	0.02494	0.00085	0.228493
Gaia16agf	150	0.02509	0.00086	0.268527
2007cq	56	0.0251	0.00086	0.288042
2007cq	64	0.0251	0.00086	0.181918
2003it	63	0.0251	0.00085	0.205996
2007cq	57	0.0251	0.00086	0.176889
AT2017cfc	150	0.02512	0.00087	0.190198
2011dn	56	0.02513	0.00085	0.333265
2007sw	65	0.02517	0.00086	0.306484
2012bh	51	0.02517	0.00086	0.238281
370356	15	0.02517	0.00086	0.204374
2002he	57	0.02519	0.00086	0.15531
2002he	63	0.02519	0.00086	0.174825
2018jjd	18	0.02521	0.00086	0.185284
2002bf	63	0.02525	0.00085	0.240723
2002bf	50	0.02525	0.00085	0.269066
ASASSN-16bq	150	0.02534	0.00086	0.176701
PS15ahs	150	0.02534	0.00086	0.185937
PSNJ0153424	150	0.02556	0.00085	0.233724
SN2017hn	150	0.02557	0.00085	0.190177
1992ag	50	0.02585	0.00087	0.344692
SN2017ms	150	0.02591	0.00086	0.200181
PSNJ2352371	150	0.02596	0.00085	0.200491
2005M	57	0.02598	0.00086	0.179545
2005M	5	0.02598	0.00086	0.198242
2005M	64	0.02598	0.00086	0.348314
SN2017mf	150	0.02598	0.00086	0.17873
2005mc	5	0.02626	0.00086	0.288909
2005mc	64	0.02626	0.00086	0.323231
ASASSN-15uu	150	0.02632	0.00086	0.372346
2005ms	64	0.02669	0.00086	0.179587
1999gp	62	0.02691	0.00086	0.183373
1999gp	57	0.02691	0.00086	0.205883
ASASSN-15mf	150	0.02695	0.00086	0.181369
ASASSN-17at	150	0.02713	0.00086	0.18676
SNF20071021-000	57	0.02714	0.00087	0.216057
2013fn	56	0.0273	0.00086	0.298907
2002eb	57	0.02731	0.00091	0.172357
2007co	57	0.02731	0.00086	0.230789
2007co	56	0.02731	0.00086	0.346591
2007co	64	0.02731	0.00086	0.261645
1992P	50	0.02736	0.00086	0.220137
2007su	65	0.0274	0.00086	0.352852
ASASSN-15fa	150	0.02741	0.00086	0.225337
2005na	5	0.02748	0.00086	0.172724
2005na	64	0.02748	0.00086	0.186856
2005na	57	0.02748	0.00086	0.170295
ASASSN-16av	150	0.02773	0.00086	0.289875
2006gj	5	0.02803	0.00086	0.321699
2010ii	51	0.02805	0.00086	0.184771
2006ev	5	0.0281	0.00086	0.216353
PSNJ0252467	150	0.02816	0.00086	0.190628
2009aa	5	0.02819	0.00088	0.173415
2011hb	56	0.0282	0.00089	0.292934
2005eq	57	0.02823	0.00086	0.163093
2005eq	5	0.02823	0.00086	0.160218
2005eq	64	0.02823	0.00086	0.160985
2003U	63	0.02833	0.00086	0.177545
2009ad	65	0.02844	0.00086	0.160301
2009ad	5	0.02844	0.00086	0.156527
2002el	57	0.02849	0.00087	0.181734
2008ar	57	0.02849	0.00086	0.180322
2008ar	5	0.02849	0.00086	0.178243
2008ar	65	0.02849	0.00086	0.180243
AT2017ns	150	0.02849	0.00094	0.366604
2004gs	5	0.02857	0.00086	0.235009
SN2017ckx	150	0.02858	0.00086	0.251383
2007is	65	0.02866	0.00086	0.211378
2013bs	51	0.02866	0.00087	0.201911
1998ab	62	0.02873	0.00086	0.227749
1993ah	50	0.02888	0.00088	0.655117
2006qo	64	0.02898	0.00086	0.275376
ASASSN-15la	150	0.02902	0.00086	0.218663
1996C	61	0.02913	0.00086	0.250819
PS16cvc	150	0.02915	0.00086	0.183345
ASASSN-15fs	150	0.02917	0.00086	0.185823
2003ch	63	0.02919	0.00087	0.169987
ASASSN-16ay	150	0.02938	0.00086	0.299966
PSNJ0859349	150	0.02938	0.00086	0.225755
ASASSN-16fs	150	0.02944	0.00086	0.180915
LSQ12gdj	56	0.02947	0.00086	0.272694
2000cw	57	0.02949	0.00086	0.224233
2002de	57	0.0295	0.00086	0.283742
ASASSN-16aj	150	0.02953	0.00086	0.177866
ASASSN-16br	150	0.02956	0.00087	0.190895
AT2017zd	150	0.02969	0.00087	0.194122
ASASSN-16hh	18	0.02978	0.00086	0.190369
ATLAS17ajn	150	0.02978	0.00086	0.190788
Gaia16bba	150	0.0299	0.00086	0.185335
1997dg	62	0.02996	0.00086	0.192522
2004ef	57	0.03012	0.00086	0.196088
2004ef	5	0.03012	0.00086	0.199296
2004ef	64	0.03012	0.00086	0.233488
ASASSN-15nq	150	0.03023	0.00086	0.166012
AT2017lm	150	0.03031	0.00086	0.216273
ASASSN-16fo	150	0.03036	0.00088	0.173804
ASASSN-16es	18	0.03047	0.00086	0.258248
AT2016cyt	150	0.03059	0.00086	0.164518
2013fy	56	0.03075	0.00087	0.343157
ASASSN-15uw	150	0.03076	0.00087	0.212671
ASASSN-16hr	150	0.03083	0.00086	0.278746
PS15cwx	150	0.03086	0.00087	0.184841
1990O	50	0.03091	0.00087	0.166476
2001ba	50	0.03096	0.00087	0.206672
2009eu	51	0.03108	0.00178	0.399302
2009fv	51	0.03108	0.00086	0.332119
2009fv	65	0.03108	0.00086	0.375292
SNF20080909-030	57	0.0311	0.00086	0.183722
2008gg	51	0.03114	0.00087	0.236835
2008gg	5	0.03114	0.00087	0.184896
1999cc	62	0.03116	0.00086	0.169094
AT2017wb	150	0.03117	0.00086	0.283582
MASTEROTJ08	150	0.03118	0.00087	0.174531
2007bd	51	0.0312	0.00087	0.175954
2007bd	5	0.0312	0.00087	0.14868
2007bd	64	0.0312	0.00087	0.153803
2006bt	57	0.03121	0.00086	0.224228
2006bt	5	0.03121	0.00086	0.226764
2006bt	64	0.03121	0.00086	0.216659
2006bw	64	0.03132	0.00086	0.320886
ASASSN-15hg	150	0.03143	0.00086	0.196214
ATLAS17axb	150	0.03143	0.00087	0.185563
2010gn	56	0.03147	0.00086	0.273901
CSS160428	150	0.03148	0.00087	0.164289
2000dn	57	0.03148	0.00089	0.22057
2006en	57	0.03162	0.00086	0.19424
2006en	64	0.03162	0.00086	0.188076
2008bq	5	0.03166	0.00087	0.17805
ASASSN-16oz	150	0.03192	0.00218	0.276064
2006az	64	0.03201	0.00086	0.148675
10026	15	0.03236	0.00086	0.20211
AT2017po	150	0.03255	0.00086	0.196814
2007ai	5	0.0326	0.00087	0.258808
2007ai	64	0.0326	0.00087	0.294619
2007ux	5	0.03264	0.00086	0.19004
2007ux	65	0.03264	0.00086	0.274525
ASASSN-15pr	150	0.03264	0.00087	0.198168
2008gl	65	0.03272	0.00088	0.156049
2008gl	51	0.03272	0.00088	0.169859
2008gl	5	0.03272	0.00088	0.148421
SN2016hpx	150	0.03282	0.00098	0.204026
SN2017cii	150	0.03289	0.00086	0.178659
2006te	64	0.0329	0.00086	0.15355
2006os	5	0.03294	0.00088	0.326022
2004as	57	0.03296	0.00086	0.22019
2004as	63	0.03296	0.00086	0.225741
ASASSN-16bc	150	0.03298	0.00087	0.168015
2008gp	5	0.03333	0.00088	0.150947
2008gp	51	0.03333	0.00088	0.162633
2010ag	66	0.03335	0.00086	0.198961
2005iq	64	0.03341	0.00087	0.150987
2005iq	5	0.03341	0.00087	0.143619
PS15bsq	150	0.03371	0.00086	0.159699
2004L	63	0.03373	0.00086	0.273673
2003gn	57	0.03375	0.00086	0.243018
2003cq	63	0.03378	0.00086	0.259126
2006S	64	0.03393	0.00086	0.177213
2011dl	51	0.03403	0.00086	0.312966
2006gr	57	0.03428	0.00086	0.207416
2006gr	64	0.03428	0.00086	0.211316
ASASSN-16dw	150	0.03437	0.00088	0.217075
2007ba	5	0.03441	0.00086	0.340606
ATLAS17ajs	150	0.03451	0.00086	0.358083
1996bl	61	0.03459	0.00087	0.155656
2003kc	63	0.03479	0.00086	0.205773
2003iv	63	0.03491	0.00088	0.165632
ASASSN-15jl	150	0.03512	0.00086	0.169326
1992bg	50	0.03515	0.00088	0.211664
2005eu	57	0.03516	0.00507	0.48333
2005eu	64	0.03516	0.00507	0.482057
2008at	65	0.03522	0.00088	0.334212
ASASSN-15tg	150	0.03529	0.00086	0.1686
2007hu	65	0.03551	0.00086	0.374822
PTSS-16efw	150	0.03568	0.00086	0.188455
2016fbk	51	0.03576	0.00086	0.225173
AT2016fbk	150	0.03576	0.00086	0.230318
1994T	61	0.03583	0.00086	0.204232
ASASSN-15mi	150	0.03585	0.00086	0.204326
ASASSN-15ss	150	0.03599	0.00087	0.187185
2001ck	57	0.03616	0.00093	0.223482
PS15bbn	150	0.03624	0.00087	0.187245
ASASSN-15lu	150	0.03635	0.00086	0.185251
2008hj	5	0.03682	0.00088	0.1566
2008hj	65	0.03682	0.00088	0.185109
2000dg	57	0.03697	0.00087	0.289284
2002G	57	0.03702	0.00086	0.308166
2002G	63	0.03702	0.00086	0.318471
2006mo	64	0.03702	0.00088	0.175025
2008ei	57	0.03702	0.001	0.336812
2002hu	63	0.03705	0.00132	0.166565
2000cf	62	0.03707	0.00087	0.166339
2001eh	57	0.03725	0.00088	0.135213
2001eh	63	0.03725	0.00088	0.149174
ASASSN-16db	150	0.0373	0.00086	0.18969
AT2016hns	150	0.0374	0.00087	0.163683
ASASSN-15bc	150	0.03753	0.00087	0.262609
2007jg	51	0.03756	0.00086	0.171248
2007jg	5	0.03756	0.00086	0.171341
AT2016cvw	150	0.03787	0.00087	0.206656
2002eu	57	0.0379	0.00093	0.163008
2008gb	65	0.03796	0.00087	0.198876
2007O	57	0.03818	0.00087	0.151724
2007O	64	0.03818	0.00087	0.152703
2008fr	65	0.03828	0.00218	0.236153
SN2017ciy	150	0.03834	0.00136	0.245806
2008O	5	0.03847	0.00088	0.311188
2009bv	65	0.03848	0.00087	0.149974
2008051	65	0.03873	0.00087	0.17035
ASASSN-15np	150	0.03884	0.00087	0.219507
2010dw	66	0.03902	0.00088	0.204712
ASASSN-15pn	150	0.03909	0.00087	0.220822
1999aw	50	0.0391	0.00132	0.18352
2008dr	57	0.04014	0.00087	0.147901
PS15cze	150	0.04035	0.00087	0.234635
2003fa	57	0.04056	0.00088	0.143473
2003fa	63	0.04056	0.00088	0.14498
SN2016glz	150	0.04077	0.00087	0.210464
PS16axi	150	0.04089	0.00087	0.168835
SN2017coa	150	0.04095	0.00312	0.307187
2009do	65	0.04099	0.00087	0.147245
2001az	63	0.04101	0.00087	0.150794
2007jh	5	0.04167	0.00087	0.280122
1992bl	50	0.04222	0.00089	0.208042
2014bj	51	0.04258	0.00507	0.426487
2006cf	64	0.04268	0.00087	0.151018
2006cz	64	0.04268	0.0009	0.29449
2007kk	51	0.04285	0.00088	0.175538
2007kk	65	0.04285	0.00088	0.166515
AT2016htm	150	0.04289	0.00088	0.162522
ASASSN-16ct	150	0.04306	0.00087	0.207056
SN2016ayg	150	0.04349	0.00088	0.166064
2007nq	5	0.04349	0.00087	0.152187
2007nq	65	0.04349	0.00087	0.166626
MASTERJ0134	150	0.04369	0.00087	0.177777
ASASSN-15mg	150	0.04408	0.00087	0.181208
AT2016cvv	150	0.04438	0.00096	0.231201
2005ku	5	0.04439	0.00087	0.249078
1992bh	50	0.0444	0.00218	0.270525
2006gt	5	0.04464	0.00087	0.286272
2006hx	5	0.04487	0.00087	0.162334
PS16cqa	150	0.04521	0.00087	0.304921
PSNJ1204051	150	0.04545	0.00087	0.196266
2005hc	64	0.04575	0.00087	0.173532
2005hc	5	0.04575	0.00087	0.151933
SN2016esh	150	0.04583	0.00087	0.182756
PS17tn	150	0.0459	0.00087	0.196005
2008050	65	0.04625	0.0009	0.218105
AT2016ews	150	0.04631	0.00087	0.159223
2005lz	64	0.04643	0.00088	0.195021
360156	15	0.04656	0.00087	0.209562
2004gu	5	0.04664	0.00087	0.19409
2008cf	5	0.04682	0.00088	0.148197
2008cf	65	0.04682	0.00088	0.182928
AT2017yk	150	0.04691	0.00089	0.280677
2016afk	150	0.04738	0.00087	0.229149
PS16fa	150	0.0476	0.00087	0.161688
PS15aii	150	0.04777	0.00087	0.145385
PS17akj	150	0.04777	0.00087	0.208806
ATLAS16agv	150	0.04819	0.00089	0.165873
ASASSN-15pm	150	0.04837	0.00089	0.154741
1995ac	61	0.0486	0.00087	0.135835
AT2016gmg	150	0.04865	0.00088	0.181462
1990af	50	0.04934	0.00089	0.202684
PS16el	150	0.0494	0.00087	0.176995
2006cq	64	0.04944	0.00088	0.168097
1993ag	50	0.04985	0.00089	0.244395
PS15asb	150	0.04989	0.00094	0.18553
1998dx	62	0.05018	0.00088	0.155812
PS16dnp	150	0.05023	0.00088	0.163226
2007kh	65	0.05032	0.00508	0.453411
ASASSN-17eb	150	0.05044	0.00088	0.201896
PS15brr	150	0.05049	0.00088	0.190961
2008hu	5	0.05052	0.00089	0.133364
AT2016cor	150	0.05066	0.00088	0.302557
PS16fbb	150	0.05106	0.00088	0.16836
2003ic	63	0.05126	0.00088	0.201448
ASASSN-16hc	150	0.05151	0.00088	0.156832
1993O	50	0.05194	0.00091	0.228182
2006ot	5	0.05202	0.00089	0.208308
2006ot	64	0.05202	0.00089	0.298829
AT2016htn	150	0.05222	0.00089	0.218249
PS16evk	150	0.05262	0.00088	0.207509
PS16n	150	0.05309	0.00088	0.161766
2010dt	66	0.05316	0.00088	0.172204
2006lu	5	0.05346	0.00088	0.133817
PS16bby	150	0.05468	0.00088	0.178902
PS16ayd	150	0.05469	0.00088	0.149593
SN2017cpu	150	0.05502	0.00088	0.175423
490007	15	0.05541	0.00088	0.194374
AT2017oz	150	0.05614	0.00088	0.193162
2006py	5	0.05653	0.00088	0.185051
PS16aer	150	0.05693	0.00088	0.176308
2005hj	5	0.05708	0.00088	0.171451
2008eq	51	0.05728	0.00088	0.221323
2006ob	5	0.05824	0.00088	0.138149
2006ob	64	0.05824	0.00088	0.14674
SN2016gmb	150	0.0583	0.00089	0.182842
2001ah	63	0.05886	0.00088	0.215566
2001ah	57	0.05886	0.00088	0.252804
LSQ13crf	56	0.05974	0.00508	0.617516
SN2017cjv	150	0.06092	0.0009	0.17759
2008bz	5	0.06099	0.00089	0.123921
2008bz	65	0.06099	0.00089	0.16057
SN2016hhv	150	0.06121	0.0009	0.198009
2008go	51	0.06137	0.0009	0.196145
2008go	5	0.06137	0.0009	0.141986
2006oa	64	0.06153	0.00089	0.183316
1992bs	50	0.06372	0.0009	0.206518
SN2016aqb	150	0.06384	0.00089	0.155855
PS16bnz	150	0.06446	0.00091	0.154429
2007ae	64	0.06533	0.00096	0.153034
PS15cms	150	0.06627	0.00089	0.203312
6057	1	0.06654	0.00089	0.296189
SN2016ixf	150	0.06711	0.0009	0.194412
AT2016aj	150	0.06725	0.00089	0.203006
PS15bjg	150	0.06786	0.00089	0.190499
CSS160129	150	0.06844	0.00134	0.191221
2006al	64	0.06886	0.00089	0.159324
PTSS17-niq	150	0.06897	0.00089	0.174144
1993B	50	0.07023	0.0009	0.277681
2008Y	51	0.07056	0.00089	0.226908
2008Y	65	0.07056	0.00089	0.212322
PS17yt	150	0.07073	0.00089	0.176182
PS16em	150	0.07083	0.00091	0.447068
2006on	64	0.07089	0.00089	0.24781
470043	15	0.0709	0.01004	0.501827
ATLAS16bwu	150	0.07091	0.00089	0.228257
PS15bdr	150	0.07116	0.00089	0.196012
PS15bwh	150	0.07158	0.00099	0.16107
370566	15	0.07167	0.00134	0.208957
PS15mt	150	0.07193	0.0009	0.180815
2007jd	5	0.07222	0.00089	0.199695
PS15atx	150	0.07252	0.00093	0.304764
Gaia16aki	150	0.07393	0.0009	0.176502
1992ae	50	0.0744	0.0009	0.222054
PS17bii	150	0.07446	0.0009	0.192118
7876	1	0.0752	0.0009	0.179761
2005ir	5	0.0752	0.0009	0.154994
2010hs	51	0.0756	0.00508	0.289148
AT2016gsu	150	0.07575	0.0009	0.217171
370333	15	0.07588	0.00134	0.198325
PS15bif	150	0.07845	0.00094	0.150392
Gaia16acv	150	0.07859	0.0009	0.146078
17186	1	0.07875	0.0009	0.239252
2007hx	5	0.07875	0.0009	0.180119
560033	15	0.07895	0.01004	0.503338
12779	1	0.07906	0.0009	0.238199
PS15bzz	150	0.07931	0.0009	0.147217
350316	15	0.07991	0.00135	0.157805
2005ag	5	0.08009	0.0009	0.119289
12950	1	0.08167	0.0009	0.219648
130308	15	0.08245	0.0009	0.217606
12898	1	0.08282	0.0009	0.265638
12781	1	0.08309	0.00092	0.195118
SN2016glp	150	0.0841	0.00091	0.221594
3592	1	0.08572	0.00091	0.128563
SN2016grz	150	0.08704	0.00103	0.21681
1241	1	0.0887	0.00091	0.253181
590194	15	0.09039	0.00091	0.21704
370066	15	0.09089	0.00135	0.167553
300105	15	0.09205	0.00091	0.266341
iPTF17dz	150	0.09293	0.01004	0.493293
10010	15	0.0995	0.00096	0.194713
160099	15	0.10165	0.00092	0.165557
190	15	0.10221	0.00136	0.187412
140181	15	0.10246	0.00092	0.199553
100405	15	0.10294	0.00136	0.18625
13135	1	0.10361	0.00092	0.12638
20064	1	0.10374	0.00092	0.196456
13038	1	0.10507	0.00508	0.236183
18697	1	0.10661	0.00092	0.195537
20625	1	0.10707	0.00092	0.151122
3256	1	0.10711	0.00092	0.210466
120225	15	0.10713	0.00136	0.468541
21034	1	0.10774	0.00092	0.180059
500038	15	0.10794	0.00092	0.187108
7147	1	0.10908	0.00092	0.133183
20027	15	0.11001	0.00136	0.179741
18650	1	0.11259	0.00093	0.163201
18612	1	0.11388	0.00093	0.194923
8719	1	0.1165	0.00093	0.159897
5395	1	0.11653	0.00106	0.185742
2561	1	0.1176	0.00093	0.239635
16259	1	0.11792	0.00093	0.214419
1371	1	0.11818	0.00093	0.127058
137	15	0.11901	0.00137	0.212381
5549	1	0.12014	0.00093	0.200195
12860	1	0.12058	0.00093	0.252257
490008	15	0.12086	0.01004	0.302627
19953	1	0.12207	0.00094	0.157915
390259	15	0.12231	0.00137	0.231142
18835	1	0.12278	0.00094	0.144584
2916	1	0.12316	0.00106	0.274641
16021	1	0.12357	0.00094	0.162163
13894	1	0.12377	0.00106	0.333367
570062	15	0.12383	0.00137	0.150324
6406	1	0.12393	0.00094	0.145797
19543	1	0.12405	0.00509	0.221531
13044	1	0.12472	0.00094	0.12587
15459	1	0.1256	0.00094	0.298944
2992	1	0.12623	0.00094	0.293348
16069	1	0.12706	0.00094	0.259679
744	1	0.1271	0.00094	0.280884
14871	1	0.1272	0.00106	0.159508
18855	1	0.12732	0.00094	0.176913
22075	1	0.1292	0.00094	0.150979
1032	1	0.12921	0.00094	0.212795
5751	1	0.1295	0.00094	0.250442
18415	1	0.12958	0.00094	0.142748
18809	1	0.13169	0.00094	0.134576
151034	15	0.13281	0.00138	0.122177
1334084	10	0.13366	0.00107	0.283718
15508	1	0.13372	0.00095	0.157696
14108	1	0.13477	0.00509	0.199357
15234	1	0.13535	0.00095	0.31333
14	15	0.13614	0.00138	0.206627
17629	1	0.13658	0.00095	0.195569
19775	1	0.137	0.00095	0.224296
18602	1	0.13713	0.00095	0.259136
21062	1	0.13745	0.00095	0.230391
17366	1	0.13822	0.00095	0.128482
15171	1	0.13826	0.00107	0.15974
190340	15	0.1384	0.00138	0.12425
20084	1	0.13851	0.00095	0.319084
12928	1	0.13875	0.00107	0.176022
190230	15	0.1388	0.00138	0.130742
90275	15	0.13955	0.00138	0.145767
1794	1	0.14082	0.00095	0.184019
17208	1	0.14104	0.00509	0.203514
340229	15	0.14123	0.00138	0.212429
1317666	10	0.14134	0.00107	0.260864
2635	1	0.14325	0.00108	0.160602
17568	1	0.14345	0.00108	0.37065
190260	15	0.14359	0.00138	0.129494
17497	1	0.14404	0.00095	0.170594
8921	1	0.14423	0.00095	0.24096
17605	1	0.14542	0.00096	0.210163
1296657	10	0.14638	0.00108	0.207408
440008	15	0.14652	0.00138	0.187578
1316385	10	0.14737	0.00108	0.197495
13796	1	0.14747	0.00096	0.171803
14024	1	0.14771	0.00096	0.188785
180166	15	0.14778	0.00138	0.170177
1293758	10	0.14803	0.00108	0.184985
14437	1	0.14806	0.00096	0.157931
1255502	10	0.14834	0.00108	0.142683
13736	1	0.14898	0.00096	0.17494
2308	1	0.1494	0.00509	0.175216
38	15	0.1505	0.00139	0.170038
460003	15	0.15084	0.00139	0.134119
2031	1	0.15195	0.00108	0.158769
18323	1	0.15291	0.00096	0.173198
15132	1	0.15318	0.00096	0.127754
18740	1	0.15336	0.00096	0.159928
19353	1	0.15341	0.00096	0.179373
16073	1	0.15357	0.00096	0.175468
5550	1	0.15511	0.00096	0.167881
16116	1	0.15526	0.00096	0.157843
18030	1	0.15536	0.00096	0.175858
19940	1	0.15601	0.00125	0.179204
13354	1	0.15671	0.00096	0.210288
16206	1	0.15856	0.00097	0.163715
440042	15	0.15921	0.01005	0.283686
14782	1	0.15931	0.00109	0.143914
15425	1	0.15948	0.00097	0.143045
1299775	10	0.16004	0.00109	0.270648
3317	1	0.16008	0.00097	0.167715
2689	1	0.16053	0.00097	0.217053
390627	15	0.16061	0.01005	0.26036
5103	1	0.16077	0.00097	0.20927
120336	15	0.16122	0.00139	0.246322
17825	1	0.16236	0.00509	0.224064
19174	1	0.16375	0.00109	0.200998
3087	1	0.16448	0.00097	0.199319
19616	1	0.16471	0.00097	0.139452
20764	1	0.16495	0.00097	0.150918
20430	1	0.16603	0.00109	0.241887
12843	1	0.16606	0.00097	0.193496
12853	1	0.16828	0.00109	0.165826
350233	15	0.16924	0.0014	0.182871
17389	1	0.16971	0.00098	0.274897
12856	1	0.17042	0.00098	0.132684
590005	15	0.17124	0.01005	0.275502
310039	15	0.17169	0.0014	0.214715
19282	1	0.17256	0.0011	0.177409
1303279	10	0.1727	0.0011	0.152344
100090	15	0.17297	0.0014	0.252568
3080	1	0.17331	0.00098	0.131849
15897	1	0.17374	0.00098	0.18318
120143	15	0.17378	0.0014	0.151501
15648	1	0.17392	0.00098	0.318528
14421	1	0.17417	0.00098	0.137128
16165	1	0.1742	0.0011	0.154309
5350	1	0.17438	0.0011	0.183971
15583	1	0.17443	0.0011	0.230974
19969	1	0.17444	0.00098	0.162645
18604	1	0.17498	0.00098	0.182014
14979	1	0.17666	0.0011	0.135467
17218	1	0.17713	0.00098	0.175623
14451	1	0.17737	0.0011	0.138264
17220	1	0.17786	0.00098	0.257355
370428	15	0.17791	0.0014	0.131546
5635	1	0.17852	0.00099	0.207864
6936	1	0.17901	0.00098	0.157339
300179	15	0.17911	0.0014	0.201468
13045	1	0.17931	0.00098	0.229828
1347120	10	0.17952	0.0051	0.280575
2372	1	0.17973	0.00098	0.174634
1303496	10	0.17975	0.0011	0.208929
13254	1	0.18004	0.00098	0.268081
14284	1	0.1805	0.00099	0.13762
420159	15	0.18073	0.0014	0.133745
330023	15	0.18078	0.0014	0.179158
350548	15	0.18082	0.0014	0.133983
360112	15	0.18086	0.01005	0.246207
17215	1	0.18092	0.00099	0.207991
370595	15	0.18126	0.01005	0.225961
15443	1	0.18136	0.00099	0.134057
1339392	10	0.18145	0.0011	0.235174
17332	1	0.18217	0.00099	0.201062
1580	1	0.18229	0.00099	0.149858
1250017	10	0.18231	0.00111	0.152439
15453	1	0.18252	0.00111	0.177319
17391	1	0.1836	0.00111	0.294191
1257695	10	0.18375	0.00111	0.151568
17168	1	0.18389	0.00099	0.19743
20048	1	0.18402	0.00099	0.218377
1296321	10	0.18458	0.00111	0.282465
15421	1	0.18459	0.00099	0.142656
8213	1	0.18484	0.00099	0.27682
15461	1	0.18493	0.00099	0.134864
1336453	10	0.18506	0.00111	0.159325
6422	1	0.18515	0.00099	0.160441
16281	1	0.18522	0.00099	0.172189
370563	15	0.18527	0.00141	0.139358
15365	1	0.18667	0.00099	0.144508
18807	1	0.18728	0.00111	0.13671
5994	1	0.18809	0.0051	0.191467
12927	1	0.18906	0.00099	0.149571
16100	1	0.18908	0.00111	0.256269
1273127	10	0.18929	0.00111	0.228953
18787	1	0.18929	0.00099	0.200523
18749	1	0.18948	0.00099	0.209197
440643	15	0.18952	0.01005	0.238646
6304	1	0.18995	0.00099	0.224725
762	1	0.19025	0.00099	0.15799
20687	1	0.19042	0.00099	0.294972
2440	1	0.19044	0.00099	0.154841
16276	1	0.19413	0.0051	0.218857
2246	1	0.19434	0.00111	0.222002
20821	1	0.19546	0.00112	0.403955
1253920	10	0.19553	0.00112	0.156617
14984	1	0.19557	0.00112	0.195934
15674	1	0.19568	0.00112	0.212325
236	15	0.19616	0.00141	0.124812
15129	1	0.19621	0.001	0.157962
1298893	10	0.19627	0.00112	0.254651
1334620	10	0.19635	0.00112	0.29342
13070	1	0.19733	0.001	0.14158
18804	1	0.19741	0.001	0.130873
1302058	10	0.19782	0.00112	0.189171
15222	1	0.19817	0.001	0.182544
1316431	10	0.19828	0.0051	0.174409
13370	1	0.19861	0.00112	0.238597
360145	15	0.19877	0.00141	0.211487
19658	1	0.19878	0.00112	0.174502
18768	1	0.19908	0.0051	0.217638
110460	15	0.19953	0.00141	0.254227
500504	15	0.19961	0.00141	0.246154
560150	15	0.1997	0.00141	0.17155
19101	1	0.20077	0.00112	0.194976
470232	15	0.20083	0.01005	0.252956
370308	15	0.20087	0.01005	0.316127
590002	15	0.20128	0.01005	0.216953
13152	1	0.20231	0.001	0.198124
19913	1	0.20249	0.00112	0.159703
6780	1	0.20279	0.001	0.184965
14212	1	0.2032	0.001	0.146626
15203	1	0.20329	0.00101	0.166845
16032	1	0.20331	0.00112	0.173799
7243	1	0.20334	0.001	0.216127
15901	1	0.20382	0.00102	0.171481
18965	1	0.20469	0.001	0.160012
110033	15	0.20483	0.00142	0.202322
17801	1	0.20523	0.00112	0.227714
15872	1	0.20562	0.00101	0.174944
1327978	10	0.20691	0.00112	0.279831
15201	1	0.20748	0.00101	0.333666
1283373	10	0.20751	0.00112	0.148972
20376	1	0.2084	0.00129	0.272182
15467	1	0.20856	0.00101	0.146778
200132	15	0.20868	0.01005	0.239508
15259	1	0.2087	0.00101	0.197696
140152	15	0.20879	0.00142	0.15965
16482	1	0.20948	0.00101	0.262138
550154	15	0.21015	0.00142	0.148877
19149	1	0.21037	0.00101	0.186032
460105	15	0.21084	0.01005	0.223017
14157	1	0.21095	0.00113	0.155718
18940	1	0.21114	0.00101	0.163264
1257366	10	0.21134	0.00113	0.266119
7847	1	0.21174	0.00101	0.230498
17811	1	0.212	0.00113	0.194498
18927	1	0.21225	0.00113	0.243726
13305	1	0.2135	0.00101	0.16528
8495	1	0.21365	0.00101	0.19033
6933	1	0.21398	0.0051	0.197488
110567	15	0.2144	0.00142	0.298904
1249851	10	0.21507	0.00113	0.477887
14019	1	0.21521	0.00113	0.22943
1316	1	0.21578	0.00101	0.258716
100206	15	0.2165	0.00142	0.141535
17435	1	0.21689	0.00113	0.190384
7473	1	0.21692	0.0051	0.185301
20364	1	0.21742	0.00102	0.269611
13641	1	0.21794	0.00113	0.174837
1290816	10	0.21845	0.00113	0.204417
1304678	10	0.21881	0.00113	0.247596
9467	1	0.21897	0.00102	0.240729
5533	1	0.21898	0.00102	0.218822
1342255	10	0.21899	0.00113	0.130815
1302187	10	0.21941	0.00113	0.208962
15433	1	0.2195	0.00102	0.160031
220	15	0.21972	0.00143	0.124319
18466	1	0.21978	0.00113	0.173376
14331	1	0.2199	0.00102	0.220195
19230	1	0.22017	0.00113	0.242946
7512	1	0.22066	0.0051	0.225274
15354	1	0.22083	0.00113	0.266821
370098	15	0.22132	0.00143	0.143254
480464	15	0.22132	0.01005	0.204756
1331123	10	0.2215	0.00113	0.166162
13025	1	0.22299	0.00102	0.281229
14846	1	0.22349	0.00102	0.167278
330083	15	0.22385	0.00143	0.172818
1304442	10	0.22449	0.0051	0.19721
550096	15	0.22449	0.00143	0.245775
1292560	10	0.22493	0.00114	0.160616
30066	15	0.22542	0.00143	0.174035
13727	1	0.22543	0.00102	0.188923
15229	1	0.22551	0.00114	0.197444
20096	15	0.22578	0.00143	0.175963
19992	1	0.22645	0.00114	0.201078
1315192	10	0.22726	0.0051	0.228488
1315259	10	0.22818	0.00114	0.183395
180561	15	0.22865	0.00143	0.308241
13072	1	0.22928	0.00103	0.202405
3452	1	0.22978	0.00103	0.188066
21033	1	0.2302	0.0051	0.227444
6	15	0.23041	0.00143	0.260109
40780	15	0.23082	0.00143	0.296847
19008	1	0.23086	0.00114	0.204707
360140	15	0.23092	0.01005	0.226289
17875	1	0.23125	0.00103	0.189753
430004	15	0.23162	0.00143	0.226906
1302648	10	0.23164	0.00114	0.237265
1275946	10	0.23205	0.00114	0.159507
15369	1	0.23282	0.0051	0.180906
1292336	10	0.23367	0.00114	0.255059
350047	15	0.23378	0.00143	0.19637
1336687	10	0.23391	0.00114	0.292139
12971	1	0.23395	0.00103	0.214099
110536	15	0.23472	0.00144	0.32799
1279500	10	0.23481	0.00114	0.167703
1319366	10	0.23494	0.00114	0.183242
1298281	10	0.2352	0.0051	0.275154
19341	1	0.23556	0.00103	0.214202
15287	1	0.23639	0.00103	0.155735
310574	15	0.23662	0.00144	0.156727
13511	1	0.23664	0.00103	0.193131
12881	1	0.23685	0.00103	0.236651
16350	1	0.23693	0.00103	0.210237
1317277	10	0.23721	0.00115	0.203948
20768	1	0.23746	0.00104	0.305716
17884	1	0.23789	0.00103	0.172272
470008	15	0.2395	0.01005	0.208409
18486	1	0.23981	0.0012	0.180786
510251	15	0.2402	0.01005	0.264226
580300	15	0.24085	0.00144	0.166736
510550	15	0.24122	0.00144	0.130654
460064	15	0.24151	0.00144	0.184136
17223	1	0.24164	0.00115	0.261675
14481	1	0.2422	0.00104	0.221356
20111	1	0.2428	0.00104	0.219858
480064	15	0.24284	0.00144	0.259119
20088	1	0.24329	0.00104	0.143114
13506	1	0.24354	0.00104	0.306318
19023	1	0.2441	0.00511	0.242814
15466	1	0.24444	0.00104	0.221704
3377	1	0.24459	0.00115	0.186144
174	15	0.24511	0.00144	0.209543
420407	15	0.24523	0.00144	0.181643
20039	1	0.24553	0.00104	0.219468
10	15	0.24585	0.00144	0.167359
13835	1	0.24617	0.00104	0.149416
15219	1	0.2465	0.00104	0.17135
12977	1	0.24656	0.00104	0.214739
05D3mq	4	0.2466	0.00144	0.15515
1334645	10	0.24711	0.00115	0.137434
3451	1	0.24846	0.00104	0.17717
420087	15	0.2486	0.01005	0.215929
450082	15	0.24861	0.01005	0.195634
560152	15	0.24862	0.01005	0.261564
15161	1	0.24865	0.00104	0.178325
19990	1	0.24896	0.00104	0.180619
120585	15	0.24909	0.00144	0.167358
3199	1	0.24972	0.00116	0.220606
16106	1	0.24983	0.00116	0.206796
15868	1	0.24986	0.00104	0.163714
520077	15	0.25019	0.01005	0.224495
390449	15	0.25022	0.01005	0.218218
13689	1	0.25043	0.00104	0.179616
5717	1	0.25051	0.00116	0.188725
500004	15	0.25063	0.00144	0.188277
16213	1	0.2509	0.00511	0.202604
17552	1	0.25199	0.00104	0.207347
310161	15	0.2526	0.00145	0.166497
9032	1	0.2526	0.00116	0.259149
34	15	0.2533	0.00145	0.15705
17464	1	0.25358	0.00116	0.262822
5736	1	0.25407	0.00511	0.167762
1336480	10	0.25616	0.00116	0.194176
1112	1	0.2562	0.00105	0.271675
17340	1	0.25637	0.00105	0.207312
9457	1	0.25683	0.00105	0.251739
19207	1	0.25731	0.00116	0.249962
18325	1	0.25736	0.00105	0.193606
8046	1	0.25772	0.00105	0.22531
6108	1	0.25813	0.00116	0.231214
550041	15	0.25859	0.01005	0.209281
1297026	10	0.25865	0.00116	0.149785
1303883	10	0.25904	0.00511	0.163699
1289664	10	0.25919	0.00511	0.178603
1335694	10	0.25923	0.00511	0.162943
12972	1	0.25948	0.00116	0.233841
1330426	10	0.25952	0.00511	0.169977
20176	15	0.26062	0.00145	0.171288
370498	15	0.26094	0.01006	0.185932
15440	1	0.26141	0.00105	0.207526
1337649	10	0.26162	0.00116	0.225542
2017	1	0.26172	0.00105	0.258941
19702	1	0.26173	0.00116	0.233293
1253	1	0.26175	0.00105	0.226027
13655	1	0.26184	0.00105	0.249126
18945	1	0.262	0.00117	0.216893
13956	1	0.26303	0.00511	0.514634
520019	15	0.26323	0.00145	0.170092
04D3ez	4	0.2636	0.00117	0.177345
350235	15	0.26393	0.00145	0.167704
330022	15	0.26397	0.00145	0.205843
12983	1	0.26408	0.00105	0.381046
2943	1	0.26419	0.00117	0.238455
110478	15	0.2646	0.00145	0.197965
13099	1	0.26463	0.00105	0.256474
2422	1	0.26582	0.00511	0.219728
6315	1	0.26583	0.00117	0.206109
1334087	10	0.2664	0.00117	0.264978
18463	1	0.267	0.00106	0.204902
1309288	10	0.26791	0.00117	0.202065
520023	15	0.26818	0.00146	0.232043
530037	15	0.26859	0.01006	0.191142
06D3fp	4	0.2686	0.00146	0.240404
14298	1	0.26887	0.00117	0.217156
510638	15	0.2702	0.01006	0.197002
19002	1	0.27021	0.00106	0.164866
310051	15	0.27057	0.00146	0.20931
160039	15	0.27094	0.00146	0.166124
380378	15	0.27141	0.00146	0.123404
1292332	10	0.27276	0.00117	0.173203
15356	1	0.27351	0.00107	0.208686
420258	15	0.27456	0.00146	0.293068
100213	15	0.27509	0.00146	0.239421
150254	15	0.27516	0.00146	0.241865
20227	1	0.27585	0.00107	0.213576
19051	1	0.27631	0.00106	0.180061
4000	1	0.27668	0.00107	0.272235
4046	1	0.27776	0.00511	0.24474
1297465	10	0.27782	0.00118	0.17803
5957	1	0.27935	0.00107	0.164335
6196	1	0.2799	0.00107	0.19932
40201	15	0.27995	0.00146	0.153331
520188	15	0.2806	0.00146	0.153096
18485	1	0.28132	0.00118	0.174763
1317286	10	0.28207	0.00511	0.166629
06D3dt	4	0.28266	0.00107	0.297355
15584	1	0.28344	0.00107	0.184378
310238	15	0.28405	0.00147	0.154134
14261	1	0.28446	0.00107	0.186562
16072	1	0.28446	0.00107	0.20709
17791	1	0.28478	0.00118	0.351325
440050	15	0.28557	0.00147	0.185989
350080	15	0.28588	0.00147	0.173206
20040	1	0.28665	0.00108	0.217509
20245	1	0.28734	0.00107	0.250397
17809	1	0.28758	0.00107	0.238886
19128	1	0.28775	0.00511	0.227224
1334644	10	0.28814	0.00118	0.188011
1313594	10	0.28844	0.00118	0.137848
91869	15	0.28854	0.00147	0.165419
2165	1	0.28894	0.00511	0.226038
2789	1	0.28901	0.00108	0.228497
1334597	10	0.28905	0.00511	0.168052
1310395	10	0.28907	0.00511	0.277224
350180	15	0.28949	0.01006	0.256114
1289288	10	0.28995	0.00119	0.271437
570056	15	0.29008	0.00147	0.234493
19596	1	0.29045	0.00119	0.23085
19027	1	0.29123	0.00108	0.219145
1291090	10	0.29193	0.00119	0.177707
1263715	10	0.29196	0.00119	0.172199
12841	1	0.29215	0.00108	0.483728
390264	15	0.29221	0.00147	0.292471
21006	1	0.29251	0.00511	0.228825
420414	15	0.29256	0.00147	0.224836
150509	15	0.29293	0.00147	0.174302
130755	15	0.29298	0.00147	0.203556
6249	1	0.29365	0.00108	0.204834
1303004	10	0.29504	0.00512	0.173778
19794	1	0.2958	0.00108	0.307913
580270	15	0.29587	0.00147	0.165779
1119	1	0.29647	0.00108	0.366054
13610	1	0.29692	0.00108	0.202621
1293319	10	0.29695	0.00119	0.210501
420196	15	0.29853	0.01006	0.232731
570025	15	0.29855	0.01006	0.272883
6137	1	0.29893	0.00119	0.25505
10550	1	0.29933	0.00108	0.341681
120444	15	0.29945	0.00147	0.195981
14735	1	0.29947	0.00108	0.186464
170428	15	0.3002	0.00147	0.198158
5391	1	0.3003	0.00119	0.247188
350078	15	0.30089	0.00148	0.294726
350192	15	0.30142	0.01006	0.191702
570022	15	0.30152	0.00148	0.206046
460037	15	0.30251	0.00148	0.22475
1339002	10	0.30304	0.0012	0.274703
150457	15	0.30352	0.00148	0.142521
7143	1	0.30365	0.00109	0.197526
1287626	10	0.30404	0.00512	0.22209
19818	1	0.30406	0.00109	0.182517
1335717	10	0.30476	0.0012	0.242802
1259412	10	0.30486	0.0012	0.140115
12883	1	0.30526	0.0012	0.306711
350630	15	0.30538	0.00148	0.133839
440005	15	0.30548	0.00148	0.226225
350027	15	0.30581	0.00148	0.165493
560087	15	0.30652	0.00148	0.201565
340334	15	0.30681	0.00148	0.239095
1281668	10	0.30691	0.0012	0.150058
520062	15	0.30818	0.00148	0.139651
5966	1	0.30834	0.00109	0.254065
1319821	10	0.30878	0.0012	0.152417
6699	1	0.30922	0.0012	0.250639
5844	1	0.30938	0.0012	0.270379
16211	1	0.30949	0.00109	0.300429
21042	1	0.30962	0.0012	0.257177
1300516	10	0.31052	0.0012	0.336421
15213	1	0.31061	0.0012	0.221391
500100	15	0.31088	0.01006	0.182638
420	15	0.31144	0.00148	0.141744
1338128	10	0.31179	0.0012	0.210925
1337838	10	0.31203	0.0012	0.160446
1263369	10	0.31262	0.0012	0.149709
1294743	10	0.31267	0.0012	0.279475
20142	1	0.3127	0.0012	0.2062
1283878	10	0.31296	0.0012	0.203499
1341894	10	0.31303	0.0012	0.176794
19632	1	0.31387	0.0011	0.214434
530112	15	0.31453	0.00148	0.155711
15383	1	0.31506	0.0011	0.227804
6649	1	0.3152	0.00512	0.219964
110716	15	0.31588	0.00148	0.233304
15776	1	0.31593	0.0011	0.227638
6100	1	0.31623	0.00121	0.274091
100163	15	0.31782	0.00149	0.195921
1345553	10	0.31804	0.00121	0.167213
80646	15	0.31822	0.00149	0.153489
550059	15	0.3185	0.00149	0.327925
310188	15	0.31901	0.01006	0.177674
440509	15	0.31901	0.01006	0.203876
170078	15	0.32096	0.00149	0.207296
330128	15	0.32104	0.00149	0.156373
1266657	10	0.32118	0.00512	0.293444
120085	15	0.32206	0.00149	0.199265
580104	15	0.32223	0.00121	0.158186
1261579	10	0.32223	0.00121	0.138773
7475	1	0.32276	0.00512	0.211904
05D2ab	4	0.32446	0.00149	0.126468
50291	15	0.32548	0.00149	0.193265
500301	15	0.3256	0.00149	0.255286
18617	1	0.3258	0.00111	0.271274
1305626	10	0.32581	0.00121	0.141716
1308326	10	0.32632	0.00121	0.157201
14456	1	0.32804	0.00111	0.171833
50303	15	0.32842	0.00149	0.308428
530219	15	0.32848	0.01006	0.278699
430003	15	0.32851	0.00149	0.295651
1337687	10	0.32868	0.00122	0.150485
1306073	10	0.32868	0.00122	0.144172
6924	1	0.32871	0.00512	0.222195
1316465	10	0.32907	0.00122	0.165152
13934	1	0.32941	0.00111	0.310571
540163	15	0.32952	0.00149	0.162498
1301933	10	0.32968	0.00122	0.114803
13830	1	0.32995	0.00111	0.209813
120369	15	0.33047	0.00149	0.131607
1338675	10	0.33056	0.00122	0.214426
4241	1	0.33063	0.00122	0.23109
480184	15	0.33089	0.00149	0.239453
370394	15	0.3309	0.01006	0.212048
03D1fc	4	0.33103	0.00149	0.137116
580235	15	0.33147	0.01006	0.218692
20106	1	0.33147	0.00122	0.285481
370344	15	0.33147	0.00149	0.166036
470041	15	0.33189	0.00149	0.143999
1306141	10	0.33237	0.00122	0.159233
130862	15	0.33298	0.0015	0.201675
1309492	10	0.3335	0.00122	0.141896
1346956	10	0.3335	0.00122	0.176123
16093	1	0.3345	0.00111	0.23572
500511	15	0.33498	0.0015	0.171864
1346966	10	0.3351	0.00122	0.177927
1314897	10	0.33671	0.00122	0.18424
470015	15	0.33749	0.0015	0.278653
40782	15	0.33751	0.0015	0.23724
04D3kr	4	0.33762	0.0015	0.176101
1300912	10	0.33778	0.00122	0.233862
380318	15	0.33818	0.0015	0.211242
580276	15	0.33848	0.0015	0.200412
1343337	10	0.33897	0.00122	0.356511
04D3nh	4	0.34061	0.0015	0.192422
320258	15	0.34098	0.0015	0.1943
2533	1	0.34111	0.00512	0.255103
1336009	10	0.34169	0.00123	0.321008
1346387	10	0.34446	0.00512	0.152468
350606	15	0.34448	0.0015	0.299203
1329312	10	0.34487	0.00123	0.171671
470110	15	0.34545	0.0015	0.23021
03D1bp	4	0.34602	0.0015	0.136683
310090	15	0.34696	0.0015	0.370346
50301	15	0.34717	0.0015	0.244272
330089	15	0.34881	0.0015	0.218415
160198	15	0.3491	0.00151	0.158604
1258906	10	0.34912	0.00123	0.206036
70955	15	0.34932	0.00151	0.157954
380279	15	0.34939	0.00151	0.168604
04D2mc	4	0.34949	0.00151	0.226318
05D2ie	4	0.34949	0.00151	0.171432
440185	15	0.34949	0.01006	0.205831
20186	1	0.34968	0.00123	0.287684
1248677	10	0.35015	0.00123	0.147015
196	15	0.35059	0.00151	0.163121
50296	15	0.35099	0.00151	0.161378
05D2hc	4	0.35149	0.01006	0.209505
120400	15	0.35149	0.00151	0.138963
160197	15	0.35372	0.00151	0.191944
05D2mp	4	0.35519	0.0012	0.223042
1688	1	0.35774	0.00113	0.291964
1334423	10	0.358	0.00124	0.215252
04D3fk	4	0.35842	0.00133	0.215992
04D2fs	4	0.3585	0.00151	0.288995
1280217	10	0.35909	0.00513	0.305677
160070	15	0.35909	0.00151	0.171109
1307830	10	0.35946	0.00513	0.15447
50293	15	0.36017	0.00151	0.191161
160126	15	0.36034	0.00151	0.230289
470244	15	0.36091	0.01006	0.197529
420417	15	0.36147	0.00151	0.288022
1294014	10	0.3628	0.00124	0.209997
1346137	10	0.36325	0.00124	0.215101
560121	15	0.36499	0.00152	0.291566
100358	15	0.36623	0.00152	0.226225
190209	15	0.36656	0.00152	0.155657
1308582	10	0.36713	0.00124	0.151911
350083	15	0.3679	0.00152	0.165575
04D1hd	4	0.36799	0.00152	0.158375
1343533	10	0.36839	0.00125	0.336428
1283936	10	0.36857	0.00125	0.345551
15704	1	0.36962	0.00114	0.244353
18091	1	0.36987	0.00114	0.255045
510578	15	0.37023	0.01007	0.188778
04D2cf	4	0.37052	0.00152	0.163241
05D4bm	4	0.37053	0.00152	0.160025
13136	1	0.37057	0.00114	0.256631
05D3jr	4	0.37062	0.01007	0.282407
390471	15	0.37062	0.00152	0.135854
320469	15	0.37095	0.00152	0.39052
1291957	10	0.37138	0.00125	0.168104
199	15	0.37153	0.00152	0.116639
05D4fo	4	0.37153	0.00152	0.165418
05D4cw	4	0.37353	0.00152	0.133039
16232	1	0.37436	0.00115	0.234786
1299643	10	0.37676	0.00125	0.15471
1282736	10	0.37805	0.00125	0.223183
590031	15	0.37852	0.00152	0.182401
7779	1	0.37991	0.00125	0.219919
320099	15	0.37997	0.00152	0.163795
500057	15	0.38061	0.01007	0.188044
110425	15	0.38092	0.00153	0.201434
1299785	10	0.38129	0.00126	0.20413
11	15	0.38153	0.00153	0.218983
40150	15	0.38185	0.00153	0.198898
580275	15	0.38248	0.00153	0.265174
1343401	10	0.38291	0.00126	0.206585
1281886	10	0.38402	0.00126	0.20184
360139	15	0.386	0.00153	0.152114
1338170	10	0.38672	0.00126	0.270807
550218	15	0.38744	0.00153	0.273474
50251	15	0.38781	0.00153	0.283892
420352	15	0.38895	0.01007	0.199578
1290779	10	0.38949	0.00513	0.192176
120086	15	0.39255	0.00153	0.237288
1291794	10	0.3951	0.00127	0.203648
1296273	10	0.39706	0.00513	0.168535
1333438	10	0.39944	0.00127	0.28782
05D4ff	4	0.4005	0.00154	0.158339
110734	15	0.40221	0.00154	0.199524
580312	15	0.40293	0.00154	0.290402
1329615	10	0.40368	0.00127	0.213828
06D3ed	4	0.40463	0.00154	0.166047
350050	15	0.40483	0.00154	0.202033
05D4dt	4	0.4055	0.00154	0.135518
1308314	10	0.40646	0.00514	0.168815
1341370	10	0.40895	0.00514	0.240024
1306390	10	0.4092	0.00128	0.363654
450339	15	0.40935	0.00154	0.274957
06D4cq	4	0.40949	0.00154	0.172193
20090	15	0.41004	0.00154	0.279968
1307277	10	0.41123	0.00128	0.318089
530251	15	0.4114	0.00154	0.242677
520071	15	0.41161	0.00154	0.149106
1315296	10	0.41266	0.00128	0.330128
04D2fp	4	0.41657	0.00155	0.149208
05D2dw	4	0.41857	0.00155	0.202099
440162	15	0.41936	0.00155	0.192599
550137	15	0.41939	0.00155	0.22264
1289600	10	0.4196	0.00129	0.224621
05D3cf	4	0.41965	0.00155	0.235757
1340454	10	0.41995	0.00129	0.294415
550202	15	0.42036	0.00155	0.344188
1306626	10	0.42088	0.00129	0.17643
110430	15	0.42094	0.00155	0.250117
1306991	10	0.42195	0.00129	0.270821
04D4gg	4	0.42247	0.00155	0.231707
1345594	10	0.42249	0.00129	0.275449
490037	15	0.42348	0.00155	0.186465
160200	15	0.4236	0.00155	0.400817
1302523	10	0.42399	0.00129	0.13417
1312274	10	0.42459	0.00129	0.195831
1295027	10	0.42568	0.00129	0.195468
1258940	10	0.42602	0.00129	0.175449
50003	15	0.427	0.00155	0.229539
110542	15	0.42703	0.00155	0.198324
110719	15	0.42793	0.00155	0.23861
05D2cb	4	0.42859	0.00156	0.403543
440236	15	0.42895	0.01007	0.193398
1306029	10	0.42903	0.00514	0.250757
100101	15	0.42976	0.00156	0.19807
80723	15	0.4302	0.00156	0.165783
04D1rh	4	0.43494	0.00156	0.183674
06D4co	4	0.43546	0.00156	0.13365
142	15	0.43683	0.00156	0.1818
1336008	10	0.4376	0.0013	0.16614
1333246	10	0.43783	0.0013	0.356877
1310338	10	0.4389	0.00514	0.211194
560027	15	0.43891	0.00156	0.279961
50607	15	0.43935	0.00156	0.202784
40166	15	0.44013	0.00156	0.441915
510266	15	0.44067	0.01007	0.160177
1328105	10	0.44149	0.0013	0.183572
1295256	10	0.44245	0.00514	0.172891
06D3df	4	0.44263	0.00156	0.139699
06D2gb	4	0.44361	0.00157	0.182219
1291080	10	0.44391	0.00514	0.290347
40137	15	0.44764	0.00157	0.223954
1328066	10	0.44886	0.00514	0.221814
1320166	10	0.44891	0.00514	0.215648
50580	15	0.45068	0.00157	0.157686
520016	15	0.45106	0.01007	0.213431
04D2gb	4	0.45162	0.01007	0.225346
120094	15	0.45162	0.00157	0.154715
04D3gt	4	0.45163	0.00157	0.305385
1290127	10	0.45218	0.00131	0.320076
1253101	10	0.45328	0.00131	0.207786
1253039	10	0.45346	0.00514	0.14411
1334302	10	0.45458	0.00131	0.209236
1306360	10	0.45477	0.00131	0.284149
1345582	10	0.45885	0.00515	0.252185
380199	15	0.46064	0.01007	0.190943
510597	15	0.46104	0.01007	0.230251
05D3lc	4	0.46164	0.00158	0.138441
03D4au	4	0.46643	0.00158	0.396492
215	15	0.46654	0.00158	0.135922
04D4jr	4	0.46842	0.01007	0.206146
1339149	10	0.46887	0.00132	0.234035
04D4ju	4	0.47042	0.00158	0.404516
05D3mx	4	0.47065	0.01007	0.180637
370367	15	0.47163	0.00158	0.210913
1316437	10	0.47204	0.00515	0.25691
05D2bv	4	0.47565	0.00159	0.177112
370329	15	0.47786	0.00159	0.228278
310146	15	0.47941	0.01008	0.203883
1306537	10	0.47946	0.00515	0.198987
560054	15	0.47988	0.00159	0.237796
05D3dd	4	0.48064	0.01008	0.160362
05D2ac	4	0.48065	0.00159	0.139221
120044	15	0.48164	0.00159	0.210887
05D1ix	4	0.48888	0.01008	0.199732
1292145	10	0.49244	0.00134	0.335403
1343208	10	0.49499	0.00134	0.165011
1305504	10	0.49566	0.00134	0.120919
03D1ax	4	0.49579	0.00126	0.153945
05D4af	4	0.49739	0.0016	0.225856
06D2bk	4	0.50067	0.0016	0.253816
350374	15	0.50098	0.0016	0.283133
1337272	10	0.50282	0.00135	0.218549
30006	15	0.50285	0.0016	0.312874
510457	15	0.50306	0.0016	0.311282
03D1au	4	0.50316	0.00135	0.228687
1335472	10	0.50593	0.00135	0.166703
1343759	10	0.50615	0.00135	0.151709
310091	15	0.50725	0.00161	0.180974
05D4av	4	0.50739	0.00161	0.288822
90201	15	0.50825	0.00161	0.184312
180313	15	0.51016	0.00161	0.144405
110484	15	0.51095	0.00161	0.239085
05D2dy	4	0.51169	0.01008	0.227281
04D1pg	4	0.51387	0.00161	0.35966
04D4in	4	0.51437	0.00136	0.196162
04D2mj	4	0.51469	0.00161	0.402924
1338430	10	0.51726	0.00136	0.190441
1334470	10	0.51883	0.00516	0.250421
310260	15	0.51885	0.01008	0.209558
450175	15	0.51941	0.00161	0.315111
06D3el	4	0.51968	0.00161	0.196455
04D2gc	4	0.52271	0.00162	0.273927
1295921	10	0.524	0.00516	0.369236
1322229	10	0.5262	0.00137	0.223271
50005	15	0.52859	0.00162	0.188829
1322979	10	0.52937	0.00516	0.141023
330106	15	0.53099	0.00162	0.23431
160066	15	0.53111	0.00162	0.289268
1338471	10	0.53124	0.00137	0.38093
1337703	10	0.53225	0.00137	0.221979
06D2ca	4	0.53271	0.00162	0.294354
06D2cc	4	0.53372	0.00162	0.273819
05D4ek	4	0.53435	0.00162	0.225295
05D4be	4	0.53534	0.00162	0.204703
05D2eb	4	0.53572	0.00162	0.209507
1289656	10	0.53942	0.00516	0.244476
110426	15	0.54097	0.00163	0.233447
1324542	10	0.54152	0.00138	0.24247
520041	15	0.54545	0.00163	0.191404
04D4bq	4	0.54834	0.01008	0.363222
1306980	10	0.54881	0.00516	0.378555
50201	15	0.55021	0.00163	0.19588
06D4bo	4	0.55033	0.00163	0.208456
1339450	10	0.55046	0.00139	0.376261
04D3hn	4	0.55267	0.00164	0.244151
06D2ck	4	0.55375	0.00164	0.207133
1337117	10	0.55384	0.00139	0.177409
05D1ee	4	0.55782	0.00164	0.195189
05D1kl	4	0.55882	0.00164	0.3833
04D1hx	4	0.55882	0.00164	0.356215
1289555	10	0.56181	0.0014	0.227829
1303952	10	0.56269	0.0014	0.265242
05D1cc	4	0.56283	0.00164	0.234712
1285317	10	0.56437	0.0014	0.221111
1330903	10	0.56437	0.0014	0.207587
1338278	10	0.56437	0.0014	0.296515
05D1dn	4	0.56481	0.00164	0.19275
1317454	10	0.56879	0.00517	0.262337
1306785	10	0.57542	0.00141	0.452867
05D2dt	4	0.57577	0.00165	0.213158
50203	15	0.57619	0.00165	0.202103
06D3et	4	0.57668	0.00165	0.166843
1337228	10	0.57737	0.00141	0.290949
03D4gf	4	0.5783	0.01009	0.24485
110721	15	0.57831	0.00165	0.241176
05D1dx	4	0.57882	0.01009	0.214391
1332059	10	0.57891	0.00517	0.231686
05D3jq	4	0.57967	0.00165	0.23116
05D3gp	4	0.58067	0.01009	0.262496
03D1aw	4	0.5808	0.00517	0.239821
04D1jg	4	0.58301	0.00141	0.168029
05D4ej	4	0.5833	0.00166	0.186201
04D1kj	4	0.58382	0.00166	0.198486
04D1sa	4	0.58382	0.00166	0.184752
1338387	10	0.5839	0.00517	0.199369
05D1hm	4	0.58582	0.00166	0.37297
05D4bf	4	0.5873	0.00166	0.203038
04D1oh	4	0.58879	0.01009	0.220032
03D4gg	4	0.59029	0.00166	0.248253
04D2mh	4	0.59179	0.01009	0.255828
05D3lr	4	0.60067	0.01009	0.278838
1338233	10	0.60155	0.00143	0.394779
05D4ef	4	0.60328	0.00167	0.2001
1335564	10	0.60626	0.00143	0.275076
03D4dy	4	0.60827	0.01009	0.228388
1302141	10	0.60876	0.00518	0.350327
1332413	10	0.60878	0.00518	0.230751
05D2he	4	0.60981	0.00167	0.321483
04D3do	4	0.61071	0.01009	0.184238
04D4an	4	0.61127	0.00167	0.247686
1295305	10	0.61177	0.00518	0.16444
05D1ck	4	0.61577	0.00168	0.347272
1308957	10	0.61875	0.00518	0.388756
1335868	10	0.61941	0.00518	0.2753
202	15	0.61983	0.00168	0.154862
04D3co	4	0.6207	0.01009	0.268136
04D2an	4	0.62183	0.01009	0.275623
03D4dh	4	0.62525	0.00141	0.215148
04D4fx	4	0.62725	0.00169	0.244041
05D1cb	4	0.63077	0.00169	0.202856
05D2ci	4	0.63183	0.00169	0.32695
03D4at	4	0.63225	0.00169	0.323662
1330642	10	0.63399	0.00145	0.147609
04D1pu	4	0.63777	0.00169	0.442879
1343871	10	0.63794	0.00145	0.31082
05D4ag	4	0.63824	0.01009	0.367516
1337325	10	0.63873	0.00518	0.261646
1334879	10	0.63934	0.00518	0.171844
05D2ec	4	0.64185	0.0017	0.256941
1308568	10	0.64311	0.00146	0.407842
04D3cy	4	0.64371	0.0017	0.309841
05D3ax	4	0.64371	0.0017	0.316528
05D3lb	4	0.6477	0.0017	0.288435
1338266	10	0.64852	0.00146	0.272369
05D3kt	4	0.6487	0.0017	0.310678
1334707	10	0.64962	0.00146	0.149571
04D1sk	4	0.66213	0.00147	0.279772
05D3hs	4	0.6647	0.00171	0.233989
05D3mh	4	0.67072	0.0101	0.274795
03D1co	4	0.67773	0.00172	0.311797
05D2bt	4	0.6819	0.0101	0.239367
06D3cc	4	0.68372	0.00172	0.407734
04D4ic	4	0.68519	0.00172	0.366173
05D1ke	4	0.68872	0.0101	0.226508
1262715	10	0.68935	0.00519	0.15677
1262214	10	0.68936	0.00519	0.271991
06D3em	4	0.69072	0.0101	0.425857
03D4cz	4	0.69318	0.00173	0.318024
04D4ib	4	0.69718	0.00173	0.212738
06D4ba	4	0.69818	0.0101	0.342807
05D4bj	4	0.69918	0.00173	0.338462
05D4cq	4	0.69918	0.00173	0.215345
1335718	10	0.69932	0.0052	0.155898
05D2ck	4	0.69992	0.00173	0.29538
04D1si	4	0.7007	0.00174	0.223194
04D4hu	4	0.70117	0.00174	0.261582
04D2iu	4	0.70192	0.0101	0.462713
05D2le	4	0.70192	0.00174	0.252753
05D3gv	4	0.71571	0.00175	0.245932
05D3jh	4	0.71874	0.00175	0.18843
1331993	10	0.71968	0.00152	0.204549
04D1aj	4	0.71969	0.0101	0.342226
05D4ev	4	0.72015	0.00175	0.243162
06D3gh	4	0.72074	0.00175	0.305174
06D3do	4	0.72674	0.00175	0.248363
06D3bz	4	0.72774	0.00175	0.257091
1304127	10	0.72866	0.0052	0.283498
06D4bw	4	0.73014	0.00176	0.321961
1329166	10	0.73161	0.00153	0.196424
04D1pp	4	0.73368	0.00176	0.195902
04D2gp	4	0.73395	0.00176	0.388289
05D2fq	4	0.73495	0.00176	0.224615
05D1eo	4	0.73568	0.00176	0.25711
05D2ct	4	0.73596	0.00176	0.425639
05D3jk	4	0.73675	0.00176	0.21489
04D2ja	4	0.74196	0.00176	0.32514
04D3fq	4	0.74276	0.00176	0.327179
05D3jb	4	0.74573	0.00177	0.195179
04D2kr	4	0.74607	0.00154	0.25474
04D4im	4	0.74911	0.00177	0.262488
1285160	10	0.7493	0.00521	0.163225
04D3ks	4	0.75074	0.01011	0.318716
05D2nt	4	0.75899	0.00178	0.233153
05D3mn	4	0.76076	0.00178	0.201161
05D4cn	4	0.7611	0.00178	0.236628
05D1if	4	0.76165	0.00178	0.239872
04D1qd	4	0.76566	0.00178	0.225434
04D1de	4	0.76666	0.00178	0.250162
05D3hh	4	0.76674	0.00178	0.27025
04D4id	4	0.76709	0.00178	0.25715
04D1pc	4	0.76865	0.00178	0.311675
1329196	10	0.76932	0.00521	0.162741
05D4bi	4	0.77309	0.00178	0.295081
1325358	10	0.77929	0.00522	0.311092
05D4cs	4	0.78807	0.01011	0.232049
03D4fd	4	0.78907	0.0018	0.271177
1309749	10	0.78928	0.00522	0.165559
04D1ks	4	0.79662	0.01011	0.372096
03D1fq	4	0.79863	0.01011	0.288144
Elvis	100	0.83981	0.00523	0.211845
Spock	100	0.83981	0.00161	0.390423
Manipogo	100	0.85482	0.00163	0.299913
Vilas	100	0.93585	0.00525	0.239939
Ombo	100	0.97423	0.00172	0.201519
SCP05D0	101	1.01242	0.00175	0.367085
Eagle	100	1.01988	0.00176	0.225903
Ferguson	100	1.02088	0.00528	0.47547
Strolger	100	1.02789	0.00176	0.353385
SCP06U4	101	1.04817	0.00178	0.488758
Gabi	100	1.12092	0.0053	0.22363
SCP06H5	101	1.23225	0.00193	0.610496
Lancaster	100	1.23597	0.00193	0.273735
Aphrodite	100	1.29911	0.00535	0.275291
Thoth	100	1.3041	0.00199	0.316517
Inanna	100	1.30611	0.00199	0.445162
SCP05D6	101	1.31317	0.00199	0.316349
washington	106	1.3291	0.02009	0.238344
Borg	100	1.34101	0.00537	0.306395
SCP06G4	101	1.35136	0.00202	0.31846
Mcguire	100	1.35608	0.00203	0.238282
Sasquatch	100	1.39103	0.00538	0.374345
SCP06K0	101	1.41633	0.00208	0.735776
carter	106	1.5429	0.04006	0.371014
Primo	106	1.54901	0.00213	0.233771
rutledge	106	1.61505	0.00545	0.333024
geta	106	1.69706	0.04006	0.38048
stone	106	1.80119	0.02014	0.281981
wilson	106	1.91165	0.00263	0.358642
colfax	106	2.26137	0.02018	0.281309
